Så∫˜maeed	[20,5,5,10,1,1,1,1,1,5,10,10,10]
Steve	[1,1,1,1,1,5,10,20,10,10,10,10]
Mo	[1,1,5,1,10,5,10,20,10,20,1,1,10,10,10]
Todd	[1,1,1,1,1,5,10,20,10,10,10,10,10,10]
Jon	[1,1,1,1,1,5,10,20,10,10,10,10,5,20,1]
Jon	[20,5,5,10,1,1,1,1,1,5,5,5,5,5,5]
Steve	[1,1,1,1,1,5,10,20,10,10,10,10]
Todd	[20,5,5,10,1,1,1,1,1,5,10,10,10]
Mo	[1,1,1,1,1,5,10,20,10,10]
Saeed	[1,1,5,1,10,5,10,20,10,20,1,1,10,10,10]
Jon	[1,1,1,1,1,5,10,20,10,10,10,10,5,20,1]
Mo	[1,1,1,1,1,5,10,20,10,10,10,20,5,5,10,1,1,1,1,1,5,10,10,10]
Ron	[1,1,1,1,1,5,10,20,10,10,10,10]
Ron	[1,1,5,1,10,5,10,20,10,20,1,1,10,10,10]
Jon	[1,1,1,1,1,5,10,20,10,10,10,10,10,10]
Mo	[20,5,5,10,1,1,1,1,1,5,5,5,5,5,5]
Mo	[1,1,1,1,1,5,10,20,10,10,10,10]
Jon	[1,1,1,1,1,5,5,5,5,5,5]
Todd	[20,10,10,10,10]

[1,1,1,1,1,5,10,20,10,10,10,10,5,20,1]	Jon
[20,5,5,10,1,1,1,1,1,5,5,5,5,5,5]	Jon
[1,1,1,1,1,5,10,20,10,10,10,10,5,20,1]	Jon
[1,1,1,1,1,5,10,20,10,10,10,10,10,10]	Jon
[1,1,1,1,1,5,5,5,5,5,5]	Jon
[1,1,5,1,10,5,10,20,10,20,1,1,10,10,10]	Mo
[1,1,1,1,1,5,10,20,10,10]	Mo
[1,1,1,1,1,5,10,20,10,10,10,20,5,5,10,1,1,1,1,1,5,10,10,10]	Mo
[20,5,5,10,1,1,1,1,1,5,5,5,5,5,5]	Mo
[1,1,1,1,1,5,10,20,10,10,10,10]	Mo
[1,1,1,1,1,5,10,20,10,10,10,10]	Ron
[1,1,5,1,10,5,10,20,10,20,1,1,10,10,10]	Ron
[20,5,5,10,1,1,1,1,1,5,10,10,10]	Saeed
[1,1,5,1,10,5,10,20,10,20,1,1,10,10,10]	Saeed
[1,1,1,1,1,5,10,20,10,10,10,10]	Steve
[1,1,1,1,1,5,10,20,10,10,10,10]	Steve
[1,1,1,1,1,5,10,20,10,10,10,10,10,10]	Todd
[20,5,5,10,1,1,1,1,1,5,10,10,10]	Todd
[20,10,10,10,10]	Todd

1692	257


Jon	422	6.0285714285714285	70
Mo	480	6.315789473684211	76
Ron	195	7.222222222222222	27
Saeed	195	6.964285714285714	28
Steve	160	6.666666666666667	24
Todd	240	7.5	32

6

Jon	422	6.0285714285714285	70
Mo	480	6.315789473684211	76
Ron	195	7.222222222222222	27
Saeed	195	6.964285714285714	28
Steve	160	6.666666666666667	24
Todd	240	7.5	32

Mo	480
